0 82 97 117 122 134 142 189 206 208 211 223 253 332 333 341 360 378 449 475 484 491 505 514 539 547 549 596 624 655 675 721 733 782 812 880 906 980 992 1000 1035 1044 1055 1061 1070 1089 1113 1138 1183 1189 1197 1220 1246 1251 1265 1270 1329 1346 1443 1478 1517 1533 1562 1580 1599 1608 1621 1630 1637 1674 1680 1699 1710 1742 1788 1813 1822 1823 1859 1860 1883 1914 1915 1920 1958 1973 2017 2037 2045 2059 2095 2128 2132 2142 2175 2178 2228 2239 2242 2268 2281 2283 2319 2332 2407 2421 2453 2467 2554 2556 2568 2580 2584 2590 2598 2646 2659 2661 2669 2693 2715 2823 2831 2876 2883 2884 2889 2895 2901 2914 
1 93 243 284 285 344 355 372 376 384 386 402 506 515 517 625 660 749 811 840 844 851 857 885 916 924 985 1043 1046 1076 1091 1093 1101 1111 1145 1182 1192 1217 1284 1301 1320 1335 1337 1355 1368 1394 1444 1453 1564 1581 1646 1666 1677 1816 1844 1849 1866 1878 1883 1919 1972 2014 2086 2097 2181 2206 2226 2268 2337 2418 2460 2558 2567 2568 2609 2657 2703 2743 2802 2818 2820 2822 2843 2873 2906 
2 105 172 196 261 285 356 357 364 411 468 492 511 538 544 566 676 677 704 727 748 813 847 907 924 954 1031 1040 1078 1129 1163 1210 1256 1271 1272 1305 1311 1318 1335 1336 1340 1374 1378 1384 1443 1463 1493 1495 1531 1546 1575 1647 1654 1656 1738 1768 1789 1814 1838 1860 1876 1942 1952 2025 2051 2161 2191 2232 2369 2397 2455 2502 2521 2562 2563 2596 2623 2627 2634 2660 2666 2701 2708 2723 2748 2924 2932 2958 1802 
3 81 168 175 270 297 325 339 390 405 473 480 504 508 540 547 555 569 589 596 730 742 755 801 804 826 846 855 898 901 902 937 978 988 1011 1021 1054 1064 1073 1126 1160 1281 1294 1354 1358 1376 1407 1434 1449 1463 1522 1550 1561 1693 1713 1742 1743 1769 1802 1803 1905 1931 1932 1938 1943 1960 1963 1988 1997 2070 2096 2102 2107 2110 2114 2140 2149 2155 2176 2192 2245 2274 2344 2348 2350 2410 2415 2434 2451 2477 2489 2490 2634 2699 2727 2736 2749 2758 2792 2820 2834 2887 
4 82 156 192 194 195 213 216 250 302 311 393 414 437 441 446 505 550 592 606 646 666 691 697 707 712 721 733 752 766 806 822 859 901 952 981 1006 1053 1055 1061 1081 1103 1190 1212 1221 1244 1260 1266 1275 1277 1299 1316 1332 1333 1382 1440 1455 1463 1523 1551 1584 1590 1597 1599 1606 1610 1791 1855 1857 1861 1866 1882 1913 1943 1983 1986 2022 2028 2043 2148 2210 2298 2313 2345 2347 2381 2399 2432 2507 2556 2557 2559 2571 2584 2613 2639 2709 2710 2723 2738 2754 
5 86 90 135 139 178 198 202 305 382 427 481 502 505 528 531 538 556 567 600 605 614 616 637 655 657 673 700 724 729 739 755 763 764 806 811 819 820 826 827 843 845 864 878 891 923 992 997 1015 1030 1052 1068 1226 1228 1231 1289 1316 1368 1383 1429 1442 1447 1464 1467 1478 1486 1489 1497 1502 1519 1600 1612 1624 1635 1644 1662 1674 1676 1698 1718 1734 1745 1759 1767 1769 1795 1811 1815 1818 1849 1865 1875 1883 1917 1976 1981 1985 1998 2003 2009 2013 2065 2092 2120 2159 2178 2182 2186 2190 2210 2259 2280 2281 2316 2320 2338 2355 2356 2386 2418 2426 2429 2437 2440 2447 2452 2478 2480 2508 2512 2524 2529 2531 2584 2627 2635 2682 2692 2705 2718 2748 2755 2774 2776 2797 2798 
6 119 120 129 134 164 200 203 244 294 327 338 349 420 528 549 551 575 598 604 607 626 670 696 698 699 716 720 743 760 792 794 815 818 825 834 853 908 982 999 1041 1075 1121 1133 1139 1203 1210 1268 1273 1282 1285 1323 1328 1342 1377 1445 1462 1464 1511 1514 1515 1567 1596 1646 1712 1742 1748 1749 1786 1810 1825 1830 1841 1843 1844 1850 1861 1893 1916 1932 1955 2002 2058 2065 2095 2102 2133 2189 2265 2317 2319 2321 2326 2370 2379 2385 2490 2514 2580 2589 2645 2661 2662 2680 2686 2725 2726 2774 2816 2822 2825 2833 2836 2859 2908 2920 2929 2960 
7 90 97 106 169 176 199 272 333 339 340 379 402 406 490 520 531 548 560 596 597 673 674 708 763 777 798 799 821 830 835 840 845 857 880 888 891 918 935 936 940 957 960 1005 1033 1037 1072 1077 1079 1102 1103 1114 1122 1124 1140 1211 1212 1218 1265 1268 1292 1312 1322 1330 1412 1427 1439 1442 1469 1482 1508 1511 1513 1588 1599 1632 1648 1729 1784 1786 1833 1844 1850 1892 1926 1939 1952 1957 2014 2073 2099 2102 2164 2213 2225 2246 2267 2283 2286 2303 2343 2359 2372 2374 2381 2557 2577 2586 2602 2719 2734 2768 
8 124 138 163 191 200 203 217 234 239 252 267 284 340 345 361 378 393 397 401 450 478 493 500 505 539 541 544 554 606 610 622 647 693 698 732 734 748 802 805 812 884 894 899 905 950 964 979 983 1056 1070 1072 1178 1195 1247 1331 1405 1427 1433 1436 1468 1469 1471 1487 1509 1512 1526 1555 1572 1590 1617 1623 1637 1666 1667 1671 1682 1718 1722 1725 1748 1758 1792 1798 1800 1810 1819 1823 1849 1873 1904 1908 1917 1940 2012 2029 2055 2072 2084 2139 2146 2147 2177 2190 2211 2228 2268 2280 2319 2348 2362 2369 2387 2408 2429 2470 2484 2485 2507 2552 2603 2640 2647 2685 2694 2709 2717 2724 2731 2736 2746 2748 2762 2770 2771 2783 2810 2817 2819 2904 2930 2965 
9 125 144 147 155 159 190 200 209 222 223 233 241 256 276 368 402 414 457 546 556 569 625 646 688 693 723 773 808 830 847 875 885 958 1099 1117 1187 1259 1272 1281 1459 1473 1521 1544 1546 1574 1612 1630 1697 1703 1704 1706 1709 1715 1717 1770 1804 1821 1847 1849 1861 1866 1948 1954 1961 2009 2016 2031 2059 2072 2107 2122 2142 2146 2216 2218 2224 2271 2333 2356 2380 2387 2405 2484 2494 2577 2625 2674 2683 556 
10 80 97 103 107 127 204 231 247 260 264 318 325 401 413 428 463 469 521 559 564 641 671 722 724 769 796 819 821 829 934 937 941 949 960 976 978 1003 1121 1122 1131 1153 1200 1308 1310 1321 1343 1363 1380 1448 1453 1471 1477 1489 1547 1585 1600 1603 1650 1712 1738 1739 1790 1806 1807 1883 1968 2095 2116 2152 2164 2197 2249 2264 2272 2274 2354 2393 2399 2438 2540 2631 2672 2710 2721 2734 2754 2782 2818 2824 2826 1739 
11 126 178 189 194 200 208 249 250 283 342 352 374 395 402 412 433 459 475 478 498 501 540 551 559 600 613 616 637 666 669 673 682 687 690 694 762 763 888 899 948 953 966 968 996 1023 1024 1035 1036 1042 1057 1087 1120 1146 1149 1212 1237 1250 1299 1324 1355 1378 1385 1391 1396 1417 1438 1455 1482 1493 1541 1563 1570 1579 1585 1591 1601 1677 1695 1700 1714 1732 1737 1741 1765 1781 1787 1794 1808 1811 1823 1833 1879 1891 1897 1919 1930 1938 1951 1967 1970 1975 1983 1990 2001 2005 2008 2016 2017 2021 2024 2036 2070 2089 2105 2125 2128 2129 2169 2183 2220 2235 2304 2322 2346 2347 2362 2366 2398 2426 2429 2451 2465 2472 2496 2512 2517 2518 2559 2583 2591 2600 2601 2639 2653 2711 2727 2760 2761 2769 2806 2894 2898 2921 2944 2959 
12 95 106 126 133 139 168 175 181 183 194 199 235 238 284 292 293 311 316 322 329 356 364 381 415 419 426 436 457 473 481 504 570 575 628 703 725 743 756 774 785 810 850 872 874 882 886 896 897 936 984 1013 1036 1047 1107 1114 1130 1207 1220 1231 1277 1284 1314 1328 1329 1374 1380 1411 1416 1495 1509 1519 1543 1561 1572 1573 1598 1642 1643 1647 1720 1724 1787 1789 1812 1814 1868 1908 1967 1995 2008 2068 2148 2151 2181 2185 2249 2309 2316 2327 2334 2346 2370 2422 2427 2430 2439 2441 2513 2559 2711 2727 2814 2849 
13 134 148 154 158 179 235 237 271 280 281 284 287 395 398 406 426 446 466 474 519 533 594 596 625 643 672 783 792 813 814 815 824 851 897 906 914 941 944 982 994 1011 1099 1105 1115 1163 1174 1186 1197 1225 1248 1283 1286 1296 1313 1316 1323 1326 1338 1341 1349 1351 1353 1387 1408 1426 1429 1478 1491 1521 1542 1544 1547 1559 1652 1657 1679 1689 1697 1729 1757 1769 1776 1798 1814 1834 1877 1900 1907 1928 1930 1931 1948 1980 1995 2021 2058 2059 2068 2095 2171 2176 2196 2203 2233 2250 2288 2303 2310 2340 2369 2399 2414 2516 2519 2524 2529 2547 2558 2570 2571 2573 2601 2632 2640 2669 2752 2790 2792 2814 2891 2900 2905 2929 2965 
14 95 123 144 234 276 290 291 301 302 351 373 387 389 421 466 492 509 532 632 642 658 691 731 746 768 786 790 845 853 857 871 895 898 904 957 962 986 987 1019 1039 1040 1059 1074 1083 1086 1161 1182 1222 1223 1272 1316 1388 1408 1439 1467 1481 1512 1568 1573 1576 1592 1595 1612 1618 1756 1792 1797 1846 1861 1888 1912 1923 1936 1948 1993 2010 2021 2022 2044 2046 2058 2064 2069 2122 2187 2279 2288 2293 2330 2348 2384 2390 2400 2402 2418 2431 2451 2537 2555 2583 2585 2587 2588 2591 2604 2638 2644 2686 2713 2743 2751 2775 2895 2897 2902 2908 
15 122 178 204 218 222 241 259 266 328 343 413 419 422 449 457 470 497 564 672 762 792 834 877 909 979 1050 1067 1185 1254 1270 1291 1338 1347 1404 1422 1451 1455 1473 1490 1500 1517 1535 1536 1701 1723 1765 1772 1823 1847 1916 1998 2025 2035 2068 2075 2104 2125 2140 2166 2188 2230 2273 2326 2327 2390 2391 2401 2482 2530 2559 2607 2608 2633 2641 2646 2672 2710 2747 2822 2838 2854 
16 97 118 147 169 240 335 340 344 357 436 447 453 483 591 595 607 639 654 674 683 702 718 733 742 762 777 778 796 804 815 917 922 964 981 990 996 1024 1050 1056 1058 1126 1132 1155 1255 1298 1300 1319 1376 1396 1464 1471 1507 1533 1570 1587 1619 1625 1635 1686 1716 1726 1738 1805 1886 1903 1925 1973 1983 2004 2034 2076 2090 2091 2118 2122 2146 2166 2203 2216 2297 2299 2300 2351 2377 2404 2425 2448 2477 2506 2507 2511 2533 2603 2660 2683 2702 2719 2781 2827 2843 
17 108 115 116 124 153 163 235 253 260 318 321 343 344 387 416 451 460 482 565 573 589 590 615 693 745 752 754 761 768 786 807 845 887 895 902 919 943 1021 1068 1069 1077 1095 1098 1118 1119 1169 1177 1194 1203 1245 1285 1291 1389 1403 1494 1505 1520 1546 1671 1701 1773 1782 1814 1831 1870 1883 1907 1935 1956 1966 2002 2009 2034 2040 2044 2048 2054 2070 2074 2083 2100 2117 2143 2230 2256 2274 2275 2301 2352 2358 2363 2373 2394 2401 2410 2442 2470 2496 2618 2629 2638 2657 2671 2678 2698 2715 2731 2805 2813 2816 2840 2843 2853 2880 2905 2918 2972 1357 
18 87 125 153 154 162 188 189 248 339 352 372 383 404 423 469 470 490 492 503 561 577 601 607 609 691 749 770 814 820 850 876 886 930 968 994 1001 1017 1019 1054 1077 1084 1085 1086 1111 1183 1211 1235 1262 1304 1337 1357 1367 1380 1415 1416 1458 1478 1527 1557 1607 1650 1651 1716 1735 1744 1798 1827 1843 1855 1865 1894 1920 1988 2052 2062 2090 2185 2191 2200 2202 2222 2233 2242 2257 2262 2265 2296 2344 2395 2401 2408 2419 2435 2487 2498 2507 2599 2653 2735 
19 185 189 222 228 233 246 266 267 298 309 322 329 339 348 402 404 412 439 460 485 500 510 524 536 574 608 614 669 682 701 752 802 837 873 892 901 902 912 921 932 950 1004 1026 1076 1098 1114 1126 1134 1136 1141 1150 1228 1281 1283 1311 1335 1341 1382 1414 1439 1456 1484 1497 1586 1636 1654 1668 1791 1804 1818 1839 1841 1896 1908 1911 1945 2008 2018 2028 2030 2062 2092 2105 2154 2165 2214 2226 2277 2348 2358 2448 2475 2477 2502 2517 2536 2554 2565 2572 2603 2639 2662 2668 2673 2677 2709 2712 2718 2728 2730 2745 2778 2789 2808 2832 2836 2859 2867 2920 2924 2952 2964 
20 146 164 247 255 270 300 307 332 336 342 448 491 530 566 588 621 642 670 832 838 892 896 906 943 979 1033 1043 1048 1129 1173 1232 1273 1290 1336 1343 1425 1426 1556 1585 1677 1707 1763 1783 1872 1920 1934 1952 1957 1982 1990 2022 2030 2087 2093 2184 2200 2204 2244 2258 2265 2312 2313 2341 2357 2385 2424 2435 2451 2510 2617 2713 2730 2794 2803 2806 2813 2838 2840 
21 90 97 132 165 181 228 305 310 375 404 440 453 458 459 462 472 473 474 486 492 517 527 569 573 588 611 632 645 680 699 705 721 773 776 787 813 844 874 893 909 961 1047 1145 1170 1185 1213 1239 1258 1262 1266 1269 1290 1356 1424 1450 1496 1506 1517 1551 1565 1654 1674 1690 1697 1707 1713 1763 1826 1835 1853 1895 1905 1937 1945 1983 1988 2020 2036 2046 2049 2069 2105 2120 2124 2128 2129 2136 2137 2185 2194 2201 2203 2235 2238 2260 2269 2272 2310 2318 2333 2409 2414 2463 2471 2510 2529 2555 2560 2568 2588 2628 2631 2639 2650 2656 2673 2712 2740 2755 2780 2834 2851 2877 2883 
22 121 141 209 225 240 245 277 306 315 328 333 334 385 386 395 417 474 483 606 653 654 660 661 715 718 760 786 811 875 889 935 940 980 1005 1059 1069 1073 1085 1112 1114 1133 1151 1156 1167 1179 1193 1212 1223 1245 1282 1324 1414 1422 1423 1431 1468 1487 1520 1532 1538 1583 1608 1639 1646 1647 1657 1679 1696 1744 1789 1790 1866 1882 1898 1901 1907 1933 2033 2041 2073 2088 2111 2113 2120 2142 2185 2188 2244 2313 2328 2350 2368 2511 2546 2551 2553 2608 2714 2725 2745 2762 2812 2824 2828 2835 2840 2869 
23 95 110 167 235 265 288 300 310 319 326 334 358 371 417 436 438 442 481 497 512 552 593 597 646 732 759 775 806 825 843 862 877 880 911 956 979 1008 1010 1109 1115 1128 1137 1290 1333 1428 1442 1465 1475 1487 1488 1542 1563 1617 1654 1704 1731 1760 1805 1839 2051 2069 2109 2165 2170 2397 2424 2456 2471 2501 2551 2554 2566 2578 2580 2598 2605 2619 2649 2657 2675 2698 2745 2772 
24 94 127 195 261 290 326 354 377 378 387 513 515 520 568 649 667 678 702 712 747 758 811 813 835 837 838 854 914 928 964 966 989 1024 1031 1034 1035 1039 1043 1051 1056 1110 1201 1254 1256 1306 1307 1327 1328 1333 1342 1343 1381 1409 1414 1423 1433 1441 1458 1536 1544 1568 1579 1613 1621 1627 1636 1650 1655 1665 1691 1692 1721 1734 1801 1816 1820 1822 1836 1849 1876 1885 1896 1920 1937 1971 2006 2019 2020 2024 2041 2062 2069 2103 2120 2125 2145 2150 2235 2257 2261 2267 2300 2311 2371 2417 2420 2446 2492 2493 2495 2497 2514 2534 2563 2576 2587 2599 2602 2651 2707 2716 2723 2725 2727 2744 2756 2764 2782 2791 2812 2825 2826 2858 2862 2879 2893 2901 2914 2937 2962 1306 
25 99 125 130 212 220 264 280 295 296 360 384 393 438 472 549 584 596 599 663 665 881 885 910 1010 1085 1129 1150 1161 1182 1201 1204 1327 1458 1470 1499 1501 1508 1586 1634 1654 1681 1688 1698 1773 1789 1794 1841 1909 1915 1953 1958 1964 1971 2008 2037 2064 2083 2116 2163 2168 2176 2189 2210 2295 2305 2328 2345 2350 2372 2382 2389 2410 2425 2451 2484 2493 2545 2575 2580 2672 2736 2742 2822 
26 192 207 243 267 294 350 380 493 507 516 570 574 579 595 624 626 628 689 698 710 764 859 894 914 920 927 933 942 957 994 1019 1112 1114 1123 1131 1209 1333 1391 1474 1477 1480 1538 1546 1549 1568 1740 1762 1812 1827 1829 1843 1853 1887 1896 1929 1933 1957 1960 2028 2047 2216 2219 2311 2359 2384 2391 2439 2509 2569 2645 2726 2814 2893 1853 
27 131 204 244 310 362 469 538 539 594 611 630 662 759 828 911 935 975 984 1071 1097 1117 1124 1187 1219 1238 1242 1300 1309 1367 1381 1396 1461 1473 1474 1481 1551 1588 1607 1628 1638 1642 1676 1701 1763 1841 1846 1874 1913 1920 2003 2075 2085 2086 2120 2180 2236 2257 2292 2300 2344 2359 2437 2455 2485 2542 2543 2595 2626 2656 2660 2722 2789 2811 2858 2867 
28 94 144 167 178 215 224 244 245 293 316 340 358 373 389 454 506 522 548 615 652 661 735 748 804 805 851 886 902 903 977 1073 1108 1116 1170 1200 1205 1320 1330 1396 1441 1444 1481 1507 1511 1579 1590 1594 1605 1617 1627 1628 1686 1689 1709 1730 1792 1824 1836 1840 1876 1898 1947 1962 2009 2099 2100 2112 2123 2134 2143 2147 2163 2190 2229 2232 2236 2268 2275 2336 2390 2440 2447 2454 2462 2468 2488 2517 2531 2556 2614 2640 2643 2658 2661 2682 2688 2700 2722 2746 2755 2857 2858 2887 
29 116 129 160 234 244 247 258 307 404 429 444 461 465 468 472 484 516 530 605 613 640 657 671 711 751 787 931 932 954 965 975 989 993 1007 1047 1070 1075 1083 1088 1097 1135 1146 1150 1164 1166 1257 1263 1311 1325 1346 1369 1378 1421 1435 1437 1451 1456 1511 1564 1584 1615 1672 1684 1701 1703 1748 1799 1804 1843 1886 1896 1929 1971 2001 2028 2048 2074 2082 2099 2107 2116 2122 2124 2128 2142 2168 2204 2260 2264 2269 2280 2303 2307 2322 2326 2352 2375 2381 2397 2419 2424 2439 2448 2485 2504 2583 2603 2607 2624 2628 2632 2636 2690 2720 2764 2772 2817 2827 2846 2847 2860 2866 2890 2909 
30 100 137 143 149 158 164 170 200 205 206 213 240 254 256 272 287 300 315 367 370 379 385 391 401 413 414 452 474 494 502 571 585 587 589 595 678 684 686 711 755 773 780 801 804 808 853 866 876 886 901 948 963 973 977 989 997 1004 1014 1015 1024 1025 1040 1052 1091 1093 1096 1125 1162 1217 1236 1291 1305 1317 1343 1364 1428 1430 1433 1448 1472 1488 1494 1552 1570 1582 1594 1609 1614 1660 1707 1714 1760 1777 1785 1791 1797 1807 1822 1829 1833 1847 1882 1884 1931 1967 1995 2015 2016 2029 2036 2075 2094 2118 2190 2199 2208 2244 2258 2326 2353 2388 2421 2449 2465 2515 2611 2659 2673 2675 2697 2701 2745 2750 2761 2769 2784 2813 2820 2830 
31 100 120 128 136 207 306 314 336 543 546 551 595 616 634 667 669 670 714 754 765 803 890 894 935 987 1144 1174 1184 1217 1228 1270 1292 1366 1404 1409 1428 1430 1473 1490 1514 1585 1594 1610 1706 1761 1777 1784 1798 1838 1852 1887 1890 1912 1983 2100 2167 2204 2225 2282 2285 2295 2301 2319 2392 2413 2422 2446 2462 2476 2492 2582 2615 2627 2663 2678 2771 2824 2861 2873 
32 102 123 162 173 216 289 309 311 314 340 346 351 412 436 451 509 572 620 651 668 750 786 803 809 814 820 831 835 890 945 1047 1065 1081 1178 1241 1301 1346 1351 1383 1389 1481 1510 1541 1862 1876 1921 1960 1981 1990 2013 2023 2030 2037 2054 2106 2127 2214 2216 2240 2287 2379 2414 2444 2480 2500 2508 2521 2546 2587 2597 2598 2650 2654 2738 2759 2774 2804 2814 2820 
33 83 84 94 197 199 214 221 272 289 331 341 368 397 408 430 492 545 548 560 582 620 631 657 701 715 736 738 742 771 809 812 825 831 845 879 886 907 915 925 977 984 990 995 999 1007 1008 1088 1092 1138 1170 1184 1230 1246 1298 1300 1342 1363 1422 1432 1450 1452 1453 1471 1549 1578 1582 1670 1683 1690 1692 1710 1724 1728 1741 1768 1796 1798 1817 1830 1843 1847 1867 1868 1984 1989 1998 2042 2063 2075 2088 2120 2168 2198 2199 2210 2247 2261 2269 2303 2308 2316 2324 2383 2438 2444 2449 2474 2490 2503 2534 2560 2571 2614 2625 2628 2649 2665 1868 
34 105 146 165 173 180 205 238 279 407 482 495 496 528 529 550 578 647 656 677 695 735 784 893 925 974 998 1001 1036 1059 1088 1111 1183 1303 1314 1340 1406 1414 1456 1480 1510 1779 1799 1828 1842 1852 1900 2021 2023 2027 2124 2169 2196 2205 2322 2390 2476 2530 2572 2617 2640 2671 2690 2693 2739 2758 2828 2836 
35 133 157 183 191 220 225 236 259 283 319 360 361 395 443 499 512 514 523 537 542 543 580 582 593 597 608 661 666 709 725 778 785 811 817 830 863 881 905 919 1018 1021 1039 1060 1066 1113 1114 1115 1118 1157 1191 1192 1197 1200 1208 1238 1243 1264 1290 1335 1342 1386 1394 1395 1405 1553 1563 1581 1584 1645 1671 1674 1723 1725 1775 1785 1801 2012 2040 2061 2081 2125 2158 2188 2205 2207 2221 2279 2326 2354 2360 2383 2416 2462 2529 2660 2662 2692 2705 2719 2741 2757 2770 2776 
36 128 162 202 210 248 265 291 308 309 342 345 372 399 466 525 533 535 560 570 614 619 629 660 693 706 710 783 821 847 868 872 891 895 916 969 1003 1013 1030 1076 1109 1131 1176 1233 1276 1280 1309 1327 1378 1402 1442 1498 1502 1532 1537 1549 1557 1572 1593 1601 1639 1647 1681 1708 1714 1726 1807 1814 1880 1883 1892 1911 1972 1978 1985 1996 2018 2022 2192 2208 2235 2284 2287 2318 2346 2353 2374 2380 2387 2389 2456 2475 2504 2523 2534 2538 2543 2573 2602 2603 2628 2634 2661 2665 2707 2724 2748 2750 2815 2837 2852 2897 2924 
37 103 116 130 157 164 171 174 259 332 335 361 431 433 436 495 609 625 632 650 664 704 709 749 800 802 842 846 854 862 943 951 952 953 955 956 973 991 994 1004 1032 1068 1118 1165 1278 1280 1291 1294 1319 1370 1384 1390 1429 1433 1447 1466 1512 1515 1526 1553 1564 1664 1689 1706 1708 1715 1750 1751 1760 1777 1826 1900 1906 1916 1924 1957 2074 2109 2129 2172 2186 2210 2211 2298 2326 2341 2379 2387 2448 2488 2498 2548 2584 2596 2607 2655 
38 87 140 187 200 202 206 228 257 275 306 323 331 334 335 353 386 406 422 449 467 491 502 531 540 612 627 640 670 684 685 700 717 747 767 805 836 837 863 865 872 891 916 917 939 962 974 986 1016 1037 1065 1079 1088 1092 1120 1148 1173 1175 1187 1194 1247 1278 1285 1287 1320 1382 1393 1414 1441 1449 1450 1455 1563 1585 1613 1658 1659 1688 1700 1744 1758 1770 1796 1817 1819 1834 1847 1870 1873 1914 1996 1999 2025 2026 2027 2038 2042 2063 2068 2070 2075 2088 2115 2117 2118 2126 2199 2247 2270 2302 2316 2377 2421 2443 2455 2457 2469 2483 2645 2663 2670 2692 2717 2735 2738 2747 2748 2755 2756 2782 2805 2846 2868 2885 2921 2923 2931 2948 2968 
39 88 96 134 151 156 187 202 227 286 294 318 320 428 459 471 485 511 512 528 554 566 595 599 602 614 628 660 665 695 701 749 785 788 803 827 848 871 892 903 931 938 947 949 963 990 996 1029 1064 1082 1085 1087 1097 1109 1113 1114 1121 1158 1163 1177 1186 1195 1214 1265 1293 1331 1360 1428 1454 1546 1557 1595 1602 1609 1637 1681 1694 1758 1788 1798 1840 1869 1923 1976 1991 2006 2011 2032 2104 2113 2151 2156 2203 2207 2215 2243 2266 2292 2297 2330 2331 2342 2352 2364 2365 2377 2381 2392 2413 2416 2444 2458 2468 2472 2515 2522 2530 2532 2554 2612 2622 2638 2705 2722 2761 2781 2786 2793 1602 
40 109 152 183 190 202 231 254 301 320 335 361 368 387 398 400 430 444 461 463 470 496 526 537 546 568 603 618 637 665 671 695 720 726 728 744 860 870 890 908 926 931 937 955 976 1012 1102 1155 1161 1169 1217 1243 1277 1282 1288 1299 1312 1322 1372 1412 1463 1476 1487 1508 1516 1526 1542 1547 1558 1591 1622 1628 1646 1687 1711 1730 1771 1837 1914 1916 1923 1928 1949 1994 1996 1998 2025 2031 2048 2064 2101 2103 2138 2140 2202 2225 2238 2333 2377 2466 2513 2537 2548 2582 2635 2640 2641 2668 2678 2701 2710 2716 2723 2751 2754 1224 
41 94 110 127 135 196 212 266 267 282 287 289 303 323 359 362 367 372 446 465 482 485 504 507 543 590 592 637 648 688 733 746 755 768 775 787 825 840 842 844 849 861 898 904 921 952 993 994 998 1135 1179 1185 1208 1242 1291 1299 1316 1337 1383 1415 1418 1423 1446 1447 1469 1483 1488 1494 1495 1514 1560 1594 1634 1677 1693 1718 1781 1786 1822 1831 1839 1856 1857 1864 1875 1886 1904 1944 1988 2067 2134 2178 2183 2192 2193 2221 2223 2233 2267 2297 2314 2367 2369 2370 2419 2428 2471 2475 2481 2534 2546 2554 2564 2573 2581 2604 2616 2675 2687 2704 2740 2757 2767 2787 2806 2807 2823 2851 2852 2889 2926 2935 
42 82 91 96 112 127 131 159 172 173 181 184 187 188 197 237 273 289 291 317 394 426 444 510 561 588 605 606 615 630 675 688 705 711 718 741 789 791 801 813 831 852 894 924 928 946 961 971 976 984 993 1086 1088 1109 1127 1128 1129 1161 1178 1180 1196 1221 1228 1246 1258 1344 1347 1359 1385 1389 1441 1451 1470 1497 1513 1525 1571 1590 1636 1662 1710 1728 1755 1759 1761 1855 1858 1906 1929 1934 1941 1979 2028 2039 2062 2123 2126 2127 2137 2152 2193 2227 2239 2262 2268 2310 2321 2359 2389 2492 2497 2511 2536 2600 2635 2638 2705 2711 2717 2720 2739 2781 2782 2787 2837 2838 2846 
43 110 131 142 162 182 257 266 274 294 299 304 313 323 325 331 351 361 477 515 516 520 523 553 576 591 634 673 679 695 706 722 733 753 769 777 798 832 836 845 857 870 959 1005 1012 1014 1041 1044 1045 1047 1060 1090 1112 1147 1158 1164 1168 1170 1183 1193 1227 1231 1234 1274 1275 1292 1314 1338 1384 1397 1414 1420 1425 1427 1445 1552 1567 1573 1579 1612 1633 1653 1690 1697 1709 1720 1766 1773 1774 1880 1901 1914 1937 1980 1994 2092 2094 2095 2126 2150 2187 2208 2289 2324 2363 2417 2564 2618 2639 2667 2706 2729 2821 2863 2888 2890 2905 2913 2978 2980 
44 145 177 256 314 359 413 432 448 456 566 570 581 624 669 705 733 740 749 791 809 840 869 870 902 1051 1087 1091 1118 1144 1174 1179 1216 1263 1355 1381 1413 1459 1504 1528 1538 1565 1575 1646 1679 1710 1719 1733 1742 1749 1756 1785 1806 1820 1854 1946 1974 2003 2005 2006 2026 2070 2077 2130 2153 2156 2173 2196 2198 2240 2276 2298 2369 2408 2416 2425 2443 2474 2493 2504 2570 2643 2649 2711 2718 2786 2810 2826 
45 153 192 196 204 244 262 266 267 292 324 325 377 378 391 403 405 409 413 425 437 462 517 543 557 579 580 610 644 669 689 701 743 773 807 854 861 875 883 895 905 913 915 923 935 942 950 965 1002 1016 1036 1046 1049 1078 1154 1181 1183 1203 1217 1230 1252 1257 1308 1315 1319 1339 1345 1346 1352 1356 1359 1393 1425 1477 1483 1530 1556 1571 1580 1584 1605 1606 1618 1620 1662 1672 1678 1684 1695 1696 1702 1727 1786 1793 1810 1815 1816 1825 1855 1869 1873 1932 1981 1993 2005 2019 2032 2043 2052 2078 2079 2096 2108 2117 2209 2213 2219 2239 2277 2288 2294 2306 2365 2413 2417 2422 2483 2524 2571 2576 2587 2602 2604 2617 2637 2646 2675 2701 2774 2779 2784 2794 2809 2810 2827 2881 2884 2897 2925 2933 1684 
46 181 217 272 331 356 380 412 501 504 511 540 550 562 667 768 830 839 934 976 1022 1141 1148 1149 1189 1198 1205 1215 1221 1241 1278 1297 1316 1373 1451 1482 1521 1559 1593 1604 1648 1662 1714 1737 1774 1779 1785 1839 1856 1969 2019 2022 2056 2065 2089 2090 2146 2155 2178 2338 2351 2387 2400 2430 2445 2493 2507 2515 2544 2552 2626 2655 2775 2819 2903 272 153 
47 94 101 127 133 135 156 179 180 205 208 219 222 251 266 304 312 327 330 341 373 376 379 410 447 480 495 532 550 563 591 604 617 633 635 638 655 657 699 701 706 746 760 776 910 938 949 952 962 969 985 1017 1023 1056 1069 1106 1154 1159 1220 1234 1237 1246 1260 1265 1289 1340 1346 1361 1382 1390 1430 1443 1548 1554 1569 1596 1608 1619 1621 1672 1754 1784 1872 1903 1908 1913 2013 2022 2051 2052 2061 2076 2111 2158 2182 2205 2219 2221 2250 2263 2273 2318 2366 2367 2373 2392 2415 2439 2464 2475 2505 2508 2516 2533 2542 2581 2582 2613 2624 1672 1834 
48 109 123 125 186 246 270 271 308 394 435 451 458 473 476 477 495 568 688 745 756 781 798 838 876 886 890 894 910 917 928 929 1002 1236 1274 1281 1302 1314 1333 1390 1407 1439 1491 1502 1528 1529 1566 1573 1578 1579 1589 1594 1673 1687 1727 1738 1778 1834 1836 1859 1871 1881 1969 1987 1996 2015 2033 2039 2057 2073 2126 2140 2144 2146 2151 2162 2174 2186 2198 2209 2218 2248 2266 2288 2302 2323 2339 2365 2385 2402 2403 2404 2427 2461 2515 2560 2562 2563 2582 2606 2617 2647 2694 2729 2733 2780 2808 2851 
49 104 117 144 341 345 429 464 478 479 494 553 566 610 611 632 664 681 705 728 770 779 814 863 901 1015 1102 1136 1179 1254 1255 1343 1378 1635 1844 1944 2060 2096 2254 2298 2397 2449 2451 2475 2476 2496 2613 2617 2653 2675 2686 2735 2872 
50 136 168 201 223 245 262 263 345 369 410 446 507 511 720 732 751 752 758 779 780 781 791 809 815 833 867 937 962 981 986 1009 1024 1028 1097 1101 1120 1122 1130 1132 1141 1146 1187 1188 1226 1267 1304 1335 1362 1382 1437 1438 1450 1468 1469 1489 1509 1533 1544 1560 1669 1680 1712 1717 1736 1757 1765 1783 1788 1805 1825 1851 1881 1885 1920 1947 1961 1964 1972 2005 2025 2091 2111 2119 2169 2179 2193 2229 2325 2344 2371 2446 2522 2523 2541 2615 2692 2693 2706 2725 2764 2793 2866 1533 
51 124 174 206 255 259 317 337 347 356 367 385 388 405 452 483 501 571 608 611 614 652 673 691 730 739 752 756 768 816 819 885 978 982 985 1014 1070 1088 1089 1153 1202 1207 1213 1217 1246 1261 1291 1300 1323 1348 1383 1400 1404 1406 1419 1449 1474 1523 1531 1543 1551 1561 1570 1615 1631 1649 1653 1656 1660 1733 1746 1771 1794 1835 1841 1854 1914 1983 1994 2025 2062 2091 2103 2138 2149 2152 2227 2243 2281 2287 2300 2341 2349 2378 2390 2429 2455 2500 2514 2535 2550 2674 2716 2756 2761 2773 2778 2781 2821 2833 
52 84 86 104 108 154 189 195 231 242 251 255 269 276 295 332 366 392 408 419 422 427 432 519 545 563 583 599 609 610 710 718 772 822 854 897 1025 1026 1071 1097 1116 1133 1144 1192 1209 1273 1276 1279 1292 1326 1400 1406 1408 1429 1434 1438 1451 1524 1543 1546 1614 1641 1678 1685 1704 1718 1733 1737 1780 1809 1843 1866 1891 2058 2068 2120 2162 2186 2248 2251 2280 2281 2298 2314 2321 2494 2513 2518 2524 2559 2561 2591 2601 2642 2643 2648 2670 2674 2688 2728 2756 2781 2795 2840 2848 2855 2858 2866 2936 2959 2962 
53 82 147 155 165 178 211 217 220 223 232 252 276 282 308 341 544 561 610 630 708 711 716 723 738 759 817 858 884 901 961 997 1004 1097 1107 1120 1144 1175 1197 1216 1246 1265 1276 1365 1367 1450 1540 1577 1581 1655 1663 1667 1679 1707 1708 1748 1789 1850 1872 1911 1980 2091 2132 2150 2167 2229 2242 2290 2319 2364 2470 2509 2519 2610 2619 2648 2759 2784 2793 2829 2906 738 
54 81 118 131 223 280 327 342 371 383 393 400 422 444 453 455 456 480 492 666 749 778 816 819 823 856 859 868 906 940 1014 1023 1042 1056 1066 1105 1181 1206 1323 1396 1421 1522 1539 1543 1569 1594 1639 1667 1694 1696 1773 1774 1812 1815 1901 1927 1962 1972 2006 2009 2047 2074 2075 2119 2122 2138 2147 2151 2162 2329 2388 2444 2460 2464 2476 2489 2495 2568 2569 2572 2655 2659 2702 2705 2721 2723 2732 2761 2776 2783 2818 2877 2909 2914 1972 
55 84 118 121 137 141 149 181 200 207 227 236 241 259 331 359 364 464 473 502 529 545 616 633 650 659 674 722 723 726 744 805 816 817 821 843 916 923 984 999 1014 1027 1028 1035 1091 1094 1123 1142 1153 1167 1178 1179 1194 1245 1255 1288 1296 1314 1315 1317 1327 1334 1340 1352 1369 1441 1450 1455 1472 1477 1492 1517 1589 1639 1660 1692 1704 1707 1730 1731 1747 1759 1848 1856 1861 1927 1934 1947 1951 1979 1994 2000 2033 2037 2058 2079 2104 2123 2173 2179 2187 2202 2217 2219 2264 2337 2386 2433 2498 2499 2512 2522 2528 2532 2554 2574 2594 2628 2643 2670 2684 2722 2726 2736 2785 2844 2847 2854 2863 2866 1178 
56 98 125 126 133 169 170 187 289 306 370 423 569 658 688 702 707 757 775 795 863 867 912 945 949 955 997 1049 1082 1135 1212 1215 1234 1238 1240 1269 1277 1308 1330 1355 1371 1379 1391 1426 1447 1493 1512 1522 1620 1621 1630 1648 1800 1928 1943 1989 2098 2130 2171 2180 2186 2249 2298 2320 2327 2337 2387 2388 2390 2401 2425 2436 2469 2556 2589 1943 
57 86 97 111 113 139 156 198 212 233 262 323 560 599 625 644 685 691 746 756 788 805 853 879 882 936 986 1087 1100 1104 1132 1168 1198 1209 1272 1282 1295 1323 1427 1488 1489 1502 1538 1591 1699 1718 1752 1780 1835 1914 1945 1970 2021 2022 2042 2153 2205 2246 2261 2291 2313 2338 2373 2394 2416 2534 2539 2572 2623 2692 2721 2764 2790 2796 2801 2814 2924 2964 85 931 
58 85 111 183 261 334 341 369 375 447 543 684 753 755 763 858 886 909 931 949 1086 1227 1293 1356 1360 1421 1441 1442 1460 1497 1521 1604 1605 1639 1651 1704 1718 1808 1831 1854 1975 2006 2008 2033 2121 2207 2272 2293 2299 2362 2420 2475 2520 2553 2596 2661 2697 2712 2720 2790 2819 2852 2871 2880 2903 2908 
59 152 198 225 269 300 315 337 365 392 434 525 565 577 636 671 694 747 750 820 823 907 927 929 936 945 975 1014 1055 1100 1104 1148 1152 1192 1242 1258 1272 1282 1375 1399 1423 1480 1541 1570 1595 1652 1676 1680 1710 1741 1758 1762 1767 1771 1777 1783 1797 1950 1956 1978 2005 2066 2094 2095 2215 2282 2289 2334 2445 2472 2545 2642 2679 2719 2735 2763 2770 2779 2783 2804 2868 2869 2873 2939 2953 1777 
60 84 86 92 109 161 290 309 329 344 349 353 357 378 413 467 491 494 499 534 553 592 594 619 630 635 645 688 698 723 779 847 861 900 950 960 991 1005 1059 1071 1076 1144 1165 1179 1211 1229 1248 1252 1269 1286 1332 1359 1405 1409 1411 1419 1437 1446 1487 1499 1564 1630 1699 1737 1773 1840 1845 1852 1958 1973 2013 2014 2035 2058 2067 2093 2141 2188 2202 2206 2215 2249 2264 2288 2298 2336 2348 2479 2611 2621 2643 2653 2680 2682 2685 2720 2791 2832 2842 2851 2878 2955 2961 2974 1437 
61 87 92 119 125 152 168 186 191 238 265 300 302 336 349 431 466 500 542 555 559 565 566 591 594 607 645 651 663 782 798 842 847 936 942 990 1002 1003 1007 1010 1026 1081 1089 1133 1136 1138 1148 1160 1177 1186 1193 1211 1225 1226 1279 1289 1312 1339 1345 1379 1435 1457 1463 1467 1491 1522 1534 1575 1592 1615 1659 1660 1686 1695 1894 1899 1920 1921 1930 1946 1966 1987 1996 2033 2050 2135 2137 2160 2169 2237 2260 2265 2281 2297 2303 2305 2318 2323 2365 2367 2386 2407 2432 2433 2450 2488 2501 2537 2546 2555 2566 2589 2615 2622 2630 2656 2664 2725 2764 2765 2795 2796 2801 2825 2843 2864 2891 2894 2911 2915 2924 2942 2954 2957 2965 336 1491 
62 107 121 230 262 297 330 333 338 385 409 497 504 524 565 623 660 674 692 701 713 724 727 755 800 804 848 882 918 991 1005 1014 1024 1033 1058 1065 1111 1120 1185 1198 1215 1219 1261 1293 1329 1334 1393 1494 1530 1540 1545 1569 1617 1624 1626 1677 1691 1693 1724 1760 1821 1824 1855 1910 1912 1930 1991 1998 2032 2100 2121 2134 2141 2233 2240 2245 2256 2295 2313 2330 2337 2348 2366 2396 2455 2490 2508 2512 2543 2547 2574 2592 2604 2636 2649 2681 2713 2725 2751 2752 2753 2759 2762 2772 2799 2872 2880 2931 2934 724 121 
63 166 206 236 241 309 376 392 548 551 559 592 616 690 693 729 841 907 955 970 982 984 1020 1038 1104 1142 1143 1181 1191 1304 1419 1489 1534 1537 1673 1690 1755 1790 1791 1827 1848 1879 1924 1931 1944 2053 2125 2163 2197 2222 2245 2247 2337 2527 2588 2639 2649 2689 2706 2716 2766 2788 2805 2888 2925 2926 2935 2952 2953 2967 572 
64 104 111 116 146 163 195 196 197 307 316 319 327 331 352 360 396 397 412 445 451 469 518 536 567 570 572 577 581 623 635 647 682 685 712 752 765 836 844 876 878 883 895 918 936 967 1016 1054 1057 1090 1102 1126 1128 1136 1153 1174 1183 1185 1244 1252 1261 1324 1336 1341 1348 1354 1392 1429 1436 1439 1450 1455 1477 1536 1554 1556 1571 1628 1630 1685 1714 1723 1724 1735 1754 1756 1758 1768 1793 1796 1801 1845 1852 1926 1939 1953 1980 1981 1986 1992 2028 2041 2046 2058 2159 2160 2169 2234 2241 2245 2247 2269 2270 2271 2323 2331 2354 2355 2411 2423 2454 2467 2486 2498 2522 2523 2526 2555 2561 2634 2672 2764 2786 2796 2850 2851 2853 2876 2892 2894 2930 2947 
65 109 137 175 231 259 286 306 331 352 368 387 418 437 446 448 449 564 676 697 719 731 756 757 789 793 796 824 856 874 881 911 919 968 971 983 986 998 1037 1047 1140 1193 1194 1223 1253 1301 1303 1305 1352 1376 1479 1521 1524 1534 1539 1547 1623 1633 1707 1715 1735 1761 1764 1796 1822 1828 1864 1887 1911 1986 1987 2000 2136 2176 2252 2278 2279 2311 2473 2538 2565 2590 2670 2691 2767 2785 2808 2819 2839 2843 1986 
66 123 131 141 161 209 214 217 219 221 236 250 259 287 302 326 337 339 344 350 366 396 401 416 488 510 555 566 574 593 601 619 658 701 712 719 727 736 749 753 784 798 828 848 871 889 912 924 1015 1034 1085 1126 1131 1133 1144 1235 1283 1289 1302 1303 1344 1356 1375 1376 1417 1421 1465 1470 1483 1485 1502 1561 1577 1623 1632 1643 1644 1691 1753 1778 1795 1818 1830 1858 1866 1872 1883 1889 1942 1944 1948 1949 1959 1980 1989 2007 2056 2068 2093 2095 2119 2135 2139 2144 2187 2200 2220 2224 2225 2235 2279 2292 2307 2326 2344 2361 2365 2368 2382 2404 2410 2440 2448 2483 2501 2510 2545 2567 2597 2602 2608 2627 2671 2703 2734 2761 2768 2787 2802 2812 
67 94 101 118 160 268 276 374 406 487 536 539 544 636 708 818 883 912 914 995 1035 1041 1078 1093 1099 1146 1180 1211 1239 1249 1267 1282 1288 1301 1314 1339 1340 1443 1545 1580 1581 1586 1600 1640 1649 1669 1690 1727 1742 1748 1849 1882 1893 1899 1988 2052 2058 2071 2136 2152 2156 2221 2256 2314 2318 2376 2416 2500 2510 2518 2586 2604 2667 2671 2692 2724 2737 101 
68 110 171 224 229 249 254 264 322 339 460 463 468 489 516 524 547 629 641 656 718 721 793 797 903 924 927 932 960 964 973 988 1002 1004 1012 1040 1082 1089 1107 1133 1165 1237 1256 1258 1263 1288 1325 1371 1416 1499 1509 1528 1545 1606 1616 1630 1642 1666 1733 1740 1766 1775 1832 1849 1863 1924 1945 2004 2017 2077 2111 2117 2133 2194 2195 2231 2241 2243 2252 2253 2259 2260 2311 2335 2378 2386 2387 2448 2474 2488 2545 2621 2626 2676 2737 2751 2758 2797 2800 2815 2826 2840 2843 2867 2886 1924 
69 111 114 161 193 220 223 252 273 279 283 301 351 381 396 424 430 473 490 514 539 541 586 587 593 648 704 713 720 729 733 743 763 771 775 783 816 834 846 878 880 884 891 919 964 965 969 973 1023 1033 1046 1063 1068 1075 1076 1084 1102 1109 1121 1127 1140 1156 1172 1191 1199 1200 1218 1240 1270 1278 1280 1308 1317 1320 1337 1390 1395 1396 1400 1410 1417 1434 1452 1503 1552 1563 1624 1646 1661 1669 1670 1709 1723 1776 1782 1792 1819 1850 1863 1908 1961 1968 1983 2001 2010 2034 2072 2081 2098 2160 2171 2173 2193 2253 2277 2279 2296 2311 2361 2377 2393 2461 2465 2487 2594 2634 2664 2665 2696 2711 2753 2754 2756 2776 2779 2787 2812 2828 2829 2855 2868 2875 2899 1434 1775 
70 99 106 112 198 222 285 299 305 343 354 378 423 553 576 593 617 618 642 679 777 854 921 961 1027 1063 1065 1107 1134 1157 1223 1228 1236 1250 1266 1269 1276 1297 1338 1341 1361 1375 1381 1402 1460 1506 1521 1527 1528 1551 1620 1649 1660 1678 1694 1698 1706 1715 1753 1823 1824 1828 1879 1958 1980 2028 2038 2096 2133 2135 2153 2159 2161 2197 2202 2226 2257 2281 2351 2358 2381 2389 2428 2449 2516 2526 2549 2564 2572 2691 2758 2805 2809 2834 2906 2922 2940 2943 2948 
71 88 114 146 189 226 242 260 304 335 351 388 398 478 487 503 507 537 544 563 642 661 711 725 753 774 848 909 930 970 996 999 1114 1160 1179 1184 1256 1291 1298 1379 1388 1391 1413 1477 1546 1557 1597 1671 1716 1721 1795 1835 1837 1865 1890 1915 1948 1960 1962 2000 2042 2071 2125 2195 2206 2261 2292 2300 2323 2339 2343 2406 2409 2415 2442 2458 2459 2481 2507 2566 2576 2584 2604 2616 2617 2621 2633 2639 2726 2739 2768 2769 2773 2832 2846 2863 2878 2882 2893 2915 2936 2958 2962 2970 88 656 1019 
72 84 89 105 134 232 241 306 355 363 438 440 448 460 482 518 536 566 620 633 656 678 820 824 836 849 923 952 970 1018 1048 1200 1223 1339 1372 1379 1478 1537 1546 1654 1657 1708 1733 1796 1823 1854 1860 1890 1892 1930 1979 2027 2091 2177 2204 2210 2218 2327 2412 2444 2468 2482 2535 2544 2574 2664 2669 2670 2695 2742 2767 2790 2815 1823 
73 91 114 132 180 208 218 245 270 278 280 324 463 504 508 523 558 570 583 585 596 606 745 776 787 805 810 930 1060 1073 1093 1112 1125 1297 1349 1350 1398 1445 1465 1494 1503 1513 1519 1598 1635 1683 1690 1696 1705 1812 1859 1870 1952 1965 2003 2080 2149 2165 2174 2263 2271 2312 2315 2382 2399 2508 2533 2558 2567 2584 2593 2611 2637 2644 2728 2732 2753 2796 2850 2859 2936 2976 2995 
74 108 174 180 186 215 239 286 392 395 403 447 465 521 523 672 699 760 762 765 784 821 881 887 947 993 997 1037 1040 1114 1140 1150 1157 1190 1205 1216 1320 1324 1377 1384 1537 1544 1583 1609 1648 1662 1666 1671 1685 1711 1784 1791 1860 1891 1902 1932 1938 1957 1989 2087 2106 2131 2139 2170 2172 2181 2184 2211 2254 2260 2278 2357 2385 2398 2422 2479 2481 2505 2548 2576 2653 2696 2722 2775 2812 2838 2861 2875 1190 1583 
75 90 130 158 166 175 188 197 216 222 228 244 278 365 370 427 431 439 442 460 497 568 601 607 645 661 675 683 742 748 751 771 816 845 876 885 886 894 922 928 937 950 957 982 1002 1009 1059 1069 1105 1151 1177 1199 1216 1308 1323 1364 1374 1380 1411 1412 1418 1430 1484 1486 1503 1518 1551 1555 1666 1705 1735 1740 1746 1756 1806 1837 1846 1857 1880 1895 1918 1923 1944 1975 1979 2010 2056 2110 2146 2159 2164 2183 2208 2221 2239 2267 2304 2309 2343 2395 2410 2419 2466 2491 2560 2620 2651 2704 2721 2749 2750 2848 2880 2924 2934 2974 
76 103 110 190 221 229 248 296 297 324 380 399 406 436 443 465 473 555 559 584 665 669 709 775 783 853 882 908 924 935 1011 1029 1080 1089 1101 1108 1160 1172 1177 1204 1229 1283 1290 1301 1302 1345 1352 1360 1367 1408 1420 1440 1463 1486 1529 1535 1576 1599 1633 1682 1699 1706 1741 1832 1902 1938 1949 1954 1967 2021 2096 2137 2171 2176 2264 2266 2296 2301 2330 2340 2356 2373 2454 2463 2469 2473 2525 2538 2588 2609 2618 2638 2646 2695 2710 2803 2857 2876 2912 2942 2949 584 1262 
77 132 144 150 193 203 252 273 276 277 302 311 358 375 401 426 450 467 478 511 538 541 594 600 644 672 737 739 741 749 768 804 823 824 848 862 866 892 946 951 952 969 972 990 1012 1022 1049 1059 1072 1109 1122 1130 1145 1164 1209 1224 1262 1321 1338 1344 1360 1371 1400 1500 1511 1527 1544 1561 1571 1605 1621 1629 1636 1654 1668 1675 1707 1708 1734 1773 1874 1893 1917 1922 1934 1952 1991 2010 2018 2044 2070 2073 2106 2140 2145 2154 2161 2217 2236 2237 2251 2255 2285 2301 2315 2330 2382 2390 2435 2482 2516 2529 2561 2600 2601 2604 2635 2744 2749 2783 2810 2853 2875 2883 2894 2923 2925 2935 1917 
78 86 102 110 142 157 173 181 201 260 292 319 330 333 341 353 370 380 384 394 418 439 496 499 557 561 575 586 595 640 667 678 708 739 743 777 779 819 852 863 887 942 946 960 972 975 982 1048 1061 1062 1069 1076 1092 1104 1129 1171 1173 1189 1207 1239 1281 1287 1294 1333 1340 1341 1355 1367 1376 1401 1404 1441 1454 1547 1558 1622 1643 1768 1784 1798 1800 1847 1865 1906 1907 1929 1935 1977 1980 1993 2005 2010 2018 2034 2126 2175 2191 2212 2214 2220 2251 2277 2325 2349 2384 2390 2411 2423 2436 2438 2474 2512 2521 2531 2579 2586 2587 2642 2652 2664 2693 2741 2787 2834 2841 2910 2939 2961 1460 
79 115 174 274 300 305 338 440 457 492 519 596 597 606 631 635 642 654 680 693 717 781 799 877 909 954 988 1064 1083 1109 1125 1129 1140 1169 1217 1218 1225 1294 1303 1329 1330 1339 1342 1355 1414 1466 1511 1514 1523 1571 1611 1636 1641 1680 1707 1710 1758 1764 1816 1820 1872 1897 1916 1919 1931 1957 2015 2018 2028 2047 2055 2094 2104 2125 2144 2157 2166 2274 2285 2367 2401 2479 2491 2539 2571 2584 2598 2613 2768 2783 2797 2825 2848 2862 2870 2883 2889 1294 1562 
